
power = 2175.05842379502
throughput = 9877.34
composite = 4635.06111844142
